0 -95.4681653246873
1 -98.76441373680152
2 -87.75514847221199
3 -54.13739991143887
4 -92.25756633751828
5 -76.82140452800638
6 -84.29196962729748
7 -93.34596022260023
8 -87.56947308526523
9 -80.03048732905977
10 -78.48638379222443
11 -70.9699143354553
12 -79.6013884020852
13 -76.20418471117686
14 -81.78329645395002
15 -80.4708373977336
16 -90.16037091062412
17 -59.03072933355804
18 -82.53296810581885
19 -84.1061631852634
20 -83.25051876405763
21 -103.46640329983164
22 -95.65377068004204
23 -104.07702020660882
24 -93.26481654424148
25 -79.99728753240443
26 -73.50085230161827
27 -85.56022275929469
28 -92.73055795124588
29 -89.59696011736328
30 -88.0453421986038
31 -106.85584519143379
32 -92.64722052216204
33 -77.49775176231684
34 -102.74309162732683
35 -87.5326291287781
36 -67.29061446250778
37 -108.74457886345239
38 -106.6610980858704
39 -95.92948304941967
40 -75.74855810927968
41 -87.11187266491078
42 -87.06366476039105
43 -91.56705470235813
44 -84.67420382758688
45 -53.55645663609776
46 -83.82950409898035
47 -95.75567483555662
48 -84.52629224480191
49 -77.49898397407843
50 -89.75551646789582
51 -90.78846342281012
52 -43.49930349274788
53 -25.73978507322804
54 -27.7000515440667
55 -29.995720189667008
56 -16.335372957950305
57 -30.004938439093035
58 -39.30103229439166
59 -27.570275234338794
60 -25.184696276167266
61 -35.16991785392298
62 -32.48448519034086
63 -28.87918263578827
64 -27.766132234117997
65 -40.3172450227875
66 -44.81897203649617
67 -53.2693461836784
68 -39.00372933487479
69 -43.46228799784786
70 -19.90313908807984
71 -28.00444584556521
72 -22.402489821451535
73 -25.05667767206818
74 -20.30575281301965
75 -22.423271604193282
76 -26.69314975203125
77 -21.713547667536954
78 -32.600129027679394
79 -20.60567240148721
80 -18.669327896429067
81 -24.61333510327505
82 -21.03525093250306
83 -13.295876579134717
84 -23.221794301938843
85 -2.9526681205701815
86 1.8439290510665487
87 -22.71745541779536
88 -12.364708270483822
89 -4.025992215062222
90 -13.343583342757928
91 -16.947701141383313
92 -5.472208574235671
93 -17.583991672484387
94 -14.301429516672195
95 -17.097889928508813
96 -16.492700435424467
97 -13.750006846140234
98 -15.1098911909203
99 -8.719311304747354
100 -14.42211048496108
0 -84.45269241424104
1 -131.0832461046089
2 -110.27593324322645
3 -132.45831764174955
4 -122.8670382275292
5 -77.44539790840562
6 -118.36765065532579
7 -144.78035605878796
8 -69.25827952751851
9 -97.89164906780375
10 -112.63486142382887
11 -140.13922379054665
12 -110.57384282781933
13 -92.43142630452387
14 -80.21692822258002
15 -72.47473592932734
16 -134.21226309614417
17 -66.48087551682079
18 -88.76316930242218
19 -82.83449613192471
20 -115.62647068062643
21 -119.78072856286413
22 -110.67459433890845
23 -98.9614275504174
24 -115.11506779213683
25 -145.28113183893902
26 -144.48645696394198
27 -80.79461430772255
28 -120.04598961443916
29 -93.2852949078374
30 -119.3036794390912
31 -145.33626333762197
32 -121.43373775731165
33 -81.11056176911993
34 -68.54074659615827
35 -77.21859234150327
36 -89.31355603188992
37 -97.52471610566649
38 -128.69672706787466
39 -93.8400039527917
40 -102.96043714865503
41 -105.75835112576677
42 -92.33240786374125
43 -105.5722574229551
44 -114.93135830951498
45 -84.88853833834025
46 -118.00449461655258
47 -133.48697675876795
48 -93.39117517443592
49 -100.80878318458952
50 -105.7729355820101
51 -59.056411710778214
52 -71.23323330421724
53 -42.915670268381724
54 -86.48441617633615
55 -83.57160405621784
56 -28.252635972971824
57 -29.005455017471572
58 -29.923967707691727
59 -33.92186040001395
60 -25.02150105638031
61 -34.0924816040702
62 -25.858839626441483
63 -27.462963722473503
64 -32.28341550088105
65 -37.61205638090433
66 -36.54507175509074
67 -35.72676470847438
68 -39.670484811905595
69 -38.617909698985166
70 -41.74026855641011
71 -46.014539126285605
72 -48.22856260733098
73 -44.47851982835826
74 -44.51400511497468
75 -42.69174418615575
76 -36.61887382348358
77 -43.0074044741934
78 -42.50562401833397
79 -43.04919880447525
80 -33.29532699337575
81 -33.550451792861395
82 -31.273037389919963
83 -29.144151495262683
84 -32.11945257629433
85 -28.77734297379301
86 -28.398335616644903
87 -29.948092110939935
88 -24.246368566165348
89 -1.1668184704253388
90 8.664533627055668
91 -9.060771494638441
92 10.66097357057015
93 9.372325389385757
94 -4.390679140779216
95 68.14266881635481
96 35.32078818702368
97 85.82899961336457
98 -19.181260049234773
99 3.5954725359694018
100 -16.70151636331553
101 -19.577019834079564
102 56.76995885467083
103 76.68228817083983
104 23.50143752487118
105 -8.526298027832816
106 72.50738081672685
107 62.43959576765286
108 -13.406102927013146
109 -16.5377081355279
110 -10.294216805701817
111 -16.27886205153902
112 57.92346134552373
113 -17.017335397176037
114 67.571141341297
115 73.91234248052194
116 -31.09906547202585
117 76.59180432801267
118 73.4902115047136
119 62.24548004866568
120 60.189833281529424
121 61.62339324721842
122 -10.915807392084034
123 34.87727435108577
124 53.7725900197953
125 32.29635364917751
126 50.66085833453981
127 -15.108771898582672
128 8.53192050487696
129 7.946529893667173
130 6.944310569002736
131 -11.03959377381021
132 77.81876943750007
133 78.97923492175038
134 -17.853178876546604
135 -10.941307535950369
136 -20.245611466333937
137 65.334326952955
138 69.34422192540457
139 -8.998571154521365
140 -10.030706325486932
141 -20.729101554931944
142 -21.841004076548735
143 53.19646963323004
144 78.99450396848363
145 75.82360379439275
146 -11.319363728043488
147 -17.18378823162777
148 85.78066107053485
149 -18.840128019647878
150 -16.157543630787828
151 -11.231877274740384
152 70.47603607375412
153 29.440130808900616
154 -21.433904322883386
155 63.461577918080614
156 -9.435370497304762
157 58.43895343166162
158 -10.284318200782687
159 -27.56508568705504
160 -14.518352449466994
161 -9.33287872705828
162 -24.2425489378485
163 -16.302773092269817
164 71.93913094482552
165 79.41369194451207
166 53.185261673177784
167 -16.393327887600982
168 -18.06913621766829
169 -22.441641254784745
170 -35.034308058606
171 -30.363957489571394
172 -17.8266264450357
173 -20.008493084119525
174 -11.982189706350441
175 -11.612347113900661
176 -15.07612873395899
177 -13.843595640287404
178 -14.098830895176746
179 -15.271577553975549
180 -14.18793090921216
181 -12.736852627001156
182 -14.734807950741699
183 -10.392291022984542
184 -14.885322598681327
185 5.1039310240303735
186 -2.8068587368321847
187 13.618822923203536
188 -16.413890064095003
189 -9.752810018363158
190 39.599616252065886
191 -3.7622868530975393
192 57.45673627752262
193 21.579237273161024
194 -12.301439988886752
195 40.47919050214549
196 3.8469203452617036
197 -8.357461092438092
198 62.121337831492404
199 45.52953389763312
200 -10.114000925806067
201 46.687369594258556
202 -8.338126633772672
203 25.36449743868789
204 24.37137657506983
205 1.2100952178924569
206 -12.827972082382907
207 -8.787336803457258
208 -10.369446023643459
209 72.91621804552256
210 -28.954601070762696
211 65.02053838564896
212 -24.913061557743646
213 5.792989845933851
214 85.67021918325591
215 -20.941301421327765
216 -32.31071350020524
217 41.36025325964382
218 84.68082763407855
219 54.078689995403785
220 46.93390683704642
221 24.784192129117233
222 87.79185473167585
223 21.624959499222754
224 14.302959007851582
225 4.990620912453926
226 -13.963605134746677
227 -11.098553895907237
228 -14.604039292077234
229 75.50478893402848
230 80.55563457805646
231 15.424510291015864
232 74.25534342442317
233 8.526645939696762
234 -19.81151211468293
235 35.530375049606704
236 2.2119966162531783
237 15.294090558096146
238 -20.362502431112564
239 -12.25606716915725
240 46.203542653584805
241 -29.20069982617907
242 86.58823105557806
243 79.68663526328133
244 -22.331583518643583
245 71.40005379800915
246 68.3788748558441
247 11.23718411974724
248 84.09269634685475
249 59.74790869904081
250 77.66951373767681
251 71.25005808984324
252 77.79972574495642
253 -12.18067305991293
254 86.41145185684817
255 78.71063799557015
256 88.38479386550654
257 80.53362786174426
258 68.48633771449377
259 -2.7267877361272683
260 87.62799749465442
261 85.38250393910451
262 76.6024619215083
263 -10.193914616568954
264 52.52021741372621
265 78.84038944222495
266 74.4192441450516
267 51.93399423831296
268 57.73361573008339
269 90.89266509264046
270 83.44397592868926
271 -19.366607179042973
272 71.75984655563138
273 59.457521930883416
274 -10.676568928302306
275 -10.473440853928352
276 81.4240757084071
277 -14.678470830197645
278 26.730571464696638
279 34.611873887816806
280 73.79682616070144
281 57.87780614929776
282 21.829712690327394
283 52.70830043471988
284 58.18271959027738
285 87.6297782305025
286 71.46571530983078
287 80.0496042561368
288 -21.264173074451666
289 89.55777295623449
290 88.96866371566772
291 -5.764357975322914
292 86.38618687122518
293 81.63340948116507
294 -13.73348512471151
295 78.672966847536
296 75.80190702840585
297 -14.100795040172725
298 -18.216541215366153
299 76.27968422603668
300 -6.406733979391719
301 71.90883817111887
302 52.59783216749006
303 51.727474818956495
304 7.396200615248418
305 -16.54669418759916
306 46.06178391075535
307 30.064310327342525
308 -30.40965503741608
309 79.32573992408089
310 -25.604232486373583
311 -29.36568262125147
312 -7.257792724521173
313 9.415087181901685
314 35.644353520836894
315 -22.178699796892243
316 17.773163971320674
317 83.34307362017213
318 -8.747444264519716
319 -10.764848793362313
320 7.650413019863071
321 44.66090413744847
322 78.043141264673
323 49.207473403505986
324 70.03013828994112
325 55.589859792063976
326 60.85163315831412
327 75.5944993451903
328 39.4693409874848
329 75.95702285312896
330 70.71170299028418
331 82.33903503411277
332 75.56137130521401
333 61.738708353184364
334 36.6438253217451
335 68.67292862719884
336 65.34589329558632
337 79.47220690071056
338 61.93990121123996
339 77.75018524227548
340 76.83545099618532
341 90.70457098946717
342 66.68456030140679
343 45.275616294094206
344 66.62611647560595
345 73.96161261744905
346 68.92122545051186
347 68.35127952917253
348 60.39239606460581
349 64.51350649523363
350 72.62467480528827
351 77.14396686568939
352 46.39197828068095
353 77.16696118045823
354 54.75245944729385
355 84.50352763311876
356 80.25445717500409
357 67.44925041340231
358 83.72872885943005
359 65.9879356027234
360 69.64020612868043
361 74.96470082268512
362 68.43268205733033
363 67.29541717132004
364 64.98145060765155
365 84.47665094287784
366 47.73791940908891
367 69.43387155883029
368 86.72897979153488
369 70.15578495982933
370 78.3144359845592
371 24.452265800817415
372 76.88908543842545
373 -25.926066335732077
374 70.88166393347579
375 86.99157365143564
376 86.48754057746565
377 -21.37369658877377
378 -30.098513713800877
379 -26.74137065938584
380 7.708170068134606
381 81.27204810374643
382 -30.092647933575172
383 -36.63634998432622
384 -29.473249936704423
385 70.25244901764515
386 -33.10292740613166
387 -30.28682124961067
388 -30.755086816296078
389 -30.36284993100259
390 -36.58168236696465
391 -32.394966220828
392 -33.53761141811572
393 83.85527611203943
394 75.90763844776423
395 82.24947829898089
396 -46.66004573869825
397 -42.48924560510587
398 86.0250830237217
399 58.14649298352554
400 -47.835038582303476
401 13.226706026433265
402 -7.200206123574159
403 -9.16340253366994
404 32.56670897446454
405 37.64185594323473
406 80.14090954777198
407 76.1128278090633
408 61.41574969504266
409 78.82663756015262
410 87.54922258702054
411 74.77756207317127
412 82.15839316968427
413 74.8798423406509
414 86.72718848308182
415 80.28608456030108
416 54.0907427555159
417 70.56732356356396
418 41.726564479881986
419 65.99117388038913
420 58.69773866882687
421 60.70520040409468
422 77.47653763934083
423 90.26851073823335
424 81.07648617343494
425 81.23840047171949
426 64.49651985838997
427 91.10097064868506
428 76.32088306684977
429 70.54388126985768
430 78.50856272373468
431 80.75166430196208
432 88.35265817887925
433 -21.28222963068024
434 -4.462708464859018
435 80.08634561951305
436 1.0409427403637515
437 23.53070022271795
438 56.30392572878549
439 83.71981201813091
440 71.39916857268456
441 -14.738618610974246
442 -19.30700607985455
443 72.15000110353934
444 75.42275497970078
445 -13.058745549533523
446 66.05502414344465
447 66.28675799353427
448 -12.518825862675989
449 74.48720245130738
450 -12.328081465382244
451 77.49936775254184
452 78.76370671695481
453 -8.446036506912234
454 -5.678220529260947
455 -8.003234757557934
456 -10.584299602534735
457 76.20386890728383
458 -10.0807767027555
459 66.65871408386117
460 65.82041470097198
461 78.5211640042671
462 83.59738945463923
463 41.65058427305437
464 -9.118425304532426
465 -7.247062349909317
466 -17.881482361185228
467 -17.68070424323571
468 23.027587912873518
469 -11.952745691012382
470 -11.360905694552368
471 -12.288512583242433
472 9.981095982424675
473 -10.578606221407416
474 -8.373604144192543
475 45.29649534986468
476 85.8002547297407
477 51.70805039837905
478 75.7537161962312
479 88.7470353282072
480 59.038257203928524
481 91.27091363139638
482 81.58616460436036
483 75.04776871111345
484 69.1619572412931
485 66.97974675896057
486 48.22209300086759
487 19.930868627251808
488 55.80286068000297
489 48.71194433062519
490 56.95872966901542
491 53.79538503660847
492 -13.512938785645133
493 79.83197080426115
494 68.36513321853316
495 81.88491706571787
496 58.131118683863484
497 -1.4277762139903332
498 -9.885028986612374
499 -19.125170131781292
